100000709
100000675
100000699
100000705
100000712
100000872
100001042
100001068
100001088
100000629
100000636
100000640
100000641
100000646
100000651
100000652
100000660
100000668
100000669
100000681
100000689
100000692
100000693
100000703
100000711
100000715
100000717
100000723
100000733
100000742
100000743
100000768
100000770
100000782
100000795
100000796
100000798
100000809
100000868
100000940
100001150
100001169
100001170
100001189
100001243
100001262
100001360
100001403
100001438
100001539
100001578
100001600
100001671
100001677
100001157
100001227
100001476
100001603
100001604
100001094
100001174
100001200
100001228
100001256
100001320
100001358
100001432
100001475
100001518
100001611
100001663
100001665
100001678
100000642
100001070
100001100
100001213
100001223
100001234
100001299
100001338
100001464
100001485
100001488
100001492
100001498
100001500
100001501
100001516
100001556
100001558
100001569
100001571
100001605
100001607
100001624
100001631
100000637
100000727
100000755
100000760
100000772
100000786
100000966
100000969
100000980
100001001
100001015
100001033
100001044
100001113
100001121
100001122
100001182
100001183
100001201
100001209
100001210
100001212
100001216
100001224
100001225
100001226
100001235
100001240
100001254
100001263
100001267
100001284
100001285
100001300
100001302
100001303
100001323
100001357
100001361
100001364
100001367
100001382
100001390
100001393
100001395
100001396
100001405
100001407
100001413
100001415
100001419
100001451
100001478
100001489
100001493
100001530
100001557
100001580
100001627
100001650
100001668
100000622
100000724
100000754
100000769
100000775
100000780
100000875
100000882
100000884
100000896
100000910
100000937
100000953
100000958
100000962
100000976
100000978
100000979
100000981
100000982
100000993
100000995
100001019
100001110
100001139
100001142
100001154
100001155
100001173
100001190
100001194
100001196
100001207
100001208
100001222
100001245
100001279
100001289
100001295
100001310
100001317
100001318
100001319
100001336
100001351
100001352
100001368
100001374
100001420
100001470
100001479
100001546
100001547
100001566
100001586
100001601
100001612
100001622
100001625
100001641
100001647
100001651
100001655
100001661
100000662
100000704
100000808
100000864
100000880
100000883
100000897
100000901
100000911
100000923
100000924
100000949
100000968
100000987
100000988
100000990
100000997
100000998
100001012
100001020
100001021
100001023
100001028
100001031
100001069
100001078
100001081
100001095
100001096
100001114
100001128
100001129
100001130
100001135
100001148
100001168
100001192
100001230
100001233
100001276
100001278
100001293
100001334
100001350
100001371
100001373
100001388
100001404
100001411
100001418
100001426
100001428
100001496
100001508
100001511
100001522
100001525
100001535
100001563
100001618
