15469
9904
14822
11967
12481
8874
11845
12046
12524
13954
15359
16210
8724
9146
9918
10567
11219
11334
11861
11981
12150
12692
12705
13427
13914
14027
14922
15565
16350
8239
8296
8368
8421
8685
8748
8762
8802
8857
8897
8993
9201
9338
9428
9537
10332
10402
10963
11069
11178
11278
11280
11572
11633
11648
11790
11849
12079
12237
12240
12302
12578
13070
13562
13571
14261
14602
14685
15265
15390
15555
15887
16130
16302
16430
16484
8138
8139
8150
8163
8174
8180
8341
8365
8391
8404
8411
8482
8547
8625
8630
8652
8889
8900
8903
8964
8996
9000
9063
9080
9094
9155
9162
9269
9312
9334
9344
9454
9544
9586
9635
9663
9699
9707
9709
9772
9794
9835
9848
9850
9900
9958
9960
9983
10071
10075
10093
10096
10108
10110
10136
10140
10166
10245
10293
10351
10396
10418
10457
10505
10562
10585
10621
10626
10630
10688
10707
10730
10789
10792
10821
10836
10875
10881
10894
10910
10912
10971
11024
11066
11074
11098
11136
11165
11197
11294
11355
11409
11449
11458
11491
11492
11649
11689
11762
11805
11826
11854
12015
12061
12070
12131
12153
12307
12353
12376
12407
12464
12465
12546
12551
12566
12577
12613
12637
12644
12793
12835
12855
12953
12993
13034
13109
13137
13209
13255
13299
13320
13381
13470
13473
13478
13481
13547
13551
13556
13568
13703
13814
13896
13933
14005
14077
14088
14097
14118
14169
14212
14216
14257
14414
14425
14427
14430
14539
14603
14680
14682
14715
14744
14749
14800
14837
14882
14902
14918
14938
14962
14995
15031
15032
15043
15126
15148
15152
15177
15211
15287
15412
15432
15473
15658
15698
15859
15880
15889
15893
15956
16018
16027
16035
16086
16119
16152
16208
16252
16258
16271
16285
16295
16306
16395
16419
8154
8184
8205
8225
8243
8258
8274
8276
8309
8379
8398
8403
8424
8431
8437
8439
8442
8448
8456
8472
8484
8488
8524
8528
8534
8545
8551
8561
8567
8585
8614
8665
8751
8784
8794
8815
8823
8834
8862
8879
8922
8945
8948
8949
8963
8973
8995
9003
9012
9035
9050
9052
9093
9122
9175
9198
9199
9211
9228
9230
9246
9253
9257
9265
9284
9328
9354
9363
9366
9368
9404
9409
9444
9463
9466
9474
9479
9480
9481
9485
9490
9495
9498
9508
9522
9538
9633
9637
9644
9646
9647
9744
9748
9777
9807
9818
9820
9831
9851
9873
9877
9922
9953
9967
9979
9981
9982
9994
10003
10007
10052
10063
10099
10128
10158
10159
10199
10211
10224
10233
10259
10264
10292
10301
10314
10356
10413
10424
10444
10452
10454
10471
10475
10477
10500
10511
10528
10556
10712
10736
10762
10765
10785
10816
10858
10860
10869
10871
10874
10892
10907
10909
10913
10920
10985
10995
10999
11015
11018
11020
11032
11040
11047
11057
11059
11083
11096
11097
11105
11113
11117
11122
11139
11162
11185
11191
11201
11235
11250
11251
11310
11323
11358
11389
11440
11445
11447
11454
11466
11480
11499
11503
11511
11533
11552
11568
11615
11652
11657
11661
11675
11733
11751
11756
11767
11778
11782
11791
11792
11793
11863
11873
11882
11883
11890
11912
11936
11947
11962
11964
12002
12030
12035
12060
12075
12108
12158
12165
12166
12182
12185
12206
12226
12261
12266
12288
12308
12319
12332
12333
12334
12375
12392
12449
12458
12479
12494
12502
12517
12584
12609
12648
12656
12658
12720
12723
12738
12781
12785
12799
12838
12843
12851
12887
12911
12916
12921
12939
12950
12965
12966
13000
13020
13041
13055
13084
13087
13104
13151
13162
13163
13168
13197
13221
13230
13247
13260
13271
13287
13339
13342
13361
13369
13370
13471
13472
13484
13492
13529
13545
13548
13570
13574
13579
13632
13654
13676
13680
13732
13740
13750
13765
13767
13803
13811
13833
13836
13855
13856
13883
13885
13900
13951
13956
13978
13986
13987
14016
14017
14020
14024
14031
14038
14044
14056
14063
14078
14121
14139
14160
14174
14178
14182
14208
14217
14225
14232
14256
14263
14342
14389
14393
14455
14472
14476
14484
14498
14506
14527
14538
14569
14573
14601
14605
14632
14636
14643
14648
14679
14714
14725
14732
14756
14761
14765
14875
14895
14923
14935
14942
14950
14976
14977
14980
15020
15037
15059
15066
15093
15131
15140
15155
15182
15217
15241
15263
15279
15316
15321
15323
15335
15389
15397
15404
15415
15422
15434
15444
15462
15476
15481
15500
15503
15517
15575
15577
15578
15600
15664
15673
15699
15735
15752
15756
15830
15834
15835
15913
15927
15951
15953
16040
16052
16118
16132
16136
16165
16214
16225
16279
16358
16364
16386
16404
16412
16444
16448
8182
8183
8187
8190
8209
8245
8269
8305
8339
8343
8355
8364
8374
8387
8388
8394
8399
8419
8423
8430
8450
8462
8485
8486
8493
8507
8523
8543
8570
8584
8591
8596
8600
8605
8606
8635
8639
8644
8649
8653
8666
8696
8701
8716
8725
8735
8752
8763
8774
8775
8790
8800
8811
8816
8832
8833
8844
8861
8871
8877
8883
8911
8914
8919
8932
8934
8935
8953
8957
8961
8965
8968
8984
9002
9023
9026
9030
9045
9058
9110
9114
9118
9133
9143
9151
9170
9183
9189
9200
9222
9234
9248
9249
9254
9276
9294
9320
9330
9358
9359
9369
9380
9383
9400
9408
9436
9438
9445
9446
9455
9459
9461
9467
9473
9487
9491
9506
9509
9525
9548
9553
9554
9555
9572
9581
9592
9593
9596
9610
9636
9649
9654
9661
9664
9670
9674
9693
9696
9698
9711
9720
9746
9754
9759
9766
9775
9776
9841
9844
9862
9874
9876
9887
9905
9906
9907
9915
9925
9928
9937
9949
9951
9966
9969
9970
9980
9993
9995
10009
10010
10012
10027
10031
10032
10036
10074
10085
10090
10102
10113
10127
10133
10145
10154
10161
10162
10169
10171
10172
10197
10220
10234
10242
10243
10279
10284
10297
10338
10345
10354
10406
10423
10425
10431
10432
10438
10465
10467
10468
10472
10483
10492
10494
10521
10541
10543
10551
10563
10579
10581
10602
10604
10609
10611
10613
10624
10635
10651
10666
10668
10687
10696
10720
10724
10725
10731
10743
10757
10761
10766
10787
10800
10803
10811
10826
10828
10845
10849
10859
10873
10878
10886
10895
10897
10915
10926
10931
10941
10943
10947
10958
10966
10969
10977
10988
10991
10997
10998
11000
11017
11021
11023
11025
11050
11052
11061
11062
11076
11090
11104
11109
11112
11115
11133
11149
11154
11174
11181
11184
11188
11203
11210
11221
11228
11248
11253
11272
11299
11302
11315
11324
11329
11339
11343
11346
11347
11368
11372
11393
11421
11428
11432
11442
11443
11451
11455
11460
11471
11474
11475
11485
11521
11529
11530
11546
11555
11559
11563
11566
11593
11598
11601
11620
11634
11640
11659
11670
11698
11700
11705
11710
11715
11723
11728
11744
11745
11746
11747
11750
11752
11772
11781
11783
11800
11827
11846
11859
11904
11924
11927
11940
11941
11943
11944
11950
11974
11976
11983
11985
11996
11998
12008
12009
12038
12047
12056
12063
12071
12088
12099
12113
12122
12126
12130
12190
12192
12203
12208
12223
12224
12230
12233
12239
12262
12270
12282
12283
12294
12297
12299
12311
12330
12331
12342
12345
12365
12369
12389
12403
12405
12406
12412
12425
12429
12432
12450
12451
12461
12477
12491
12496
12510
12513
12516
12521
12526
12550
12555
12557
12574
12585
12594
12596
12604
12607
12639
12643
12660
12670
12675
12683
12691
12697
12701
12716
12734
12741
12746
12753
12762
12766
12773
12800
12824
12832
12841
12852
12856
12880
12884
12914
12925
12952
12959
12963
12973
12979
12989
12991
12994
13067
13074
13079
13101
13102
13103
13105
13106
13119
13120
13127
13133
13140
13144
13159
13170
13178
13184
13200
13215
13223
13226
13228
13246
13253
13263
13292
13295
13296
13307
13328
13334
13353
13358
13364
13403
13406
13415
13424
13433
13445
13454
13456
13461
13474
13480
13482
13490
13497
13505
13544
13577
13608
13625
13642
13645
13658
13673
13678
13679
13710
13725
13743
13770
13797
13802
13805
13807
13812
13813
13828
13829
13841
13866
13895
13897
13929
13948
13952
13971
13975
13989
13992
13993
14032
14041
14065
14071
14099
14103
14115
14117
14123
14127
14157
14165
14176
14191
14194
14204
14223
14224
14233
14236
14241
14246
14247
14250
14253
14259
14264
14275
14276
14294
14298
14310
14349
14351
14361
14362
14363
14379
14432
14456
14459
14471
14495
14511
14522
14531
14533
14553
14572
14589
14635
14639
14649
14650
14651
14681
14686
14690
14703
14706
14712
14719
14737
14747
14755
14769
14798
14815
14830
14839
14845
14849
14850
14861
14872
14874
14890
14899
14904
14907
14910
14912
14924
14925
14945
14994
14998
15003
15028
15040
15045
15050
15064
15081
15084
15105
15106
15119
15121
15122
15127
15129
15146
15160
15174
15222
15231
15236
15238
15253
15255
15258
15275
15283
15303
15318
15328
15331
15332
15354
15362
15368
15373
15381
15384
15388
15392
15393
15396
15401
15414
15427
15438
15442
15471
15489
15492
15502
15512
15514
15539
15542
15549
15554
15557
15596
15604
15608
15627
15634
15646
15655
15659
15667
15669
15686
15689
15695
15709
15743
15751
15754
15768
15777
15778
15789
15801
15809
15814
15815
15818
15819
15827
15832
15833
15846
15848
15851
15852
15865
15867
15874
15875
15891
15904
15910
15924
15934
15978
15986
15993
16003
16020
16026
16028
16032
16063
16068
16079
16092
16093
16095
16097
16110
16117
16120
16153
16159
16180
16200
16205
16209
16256
16262
16267
16275
16283
16289
16291
16296
16301
16317
16330
16333
16341
16347
16356
16359
16363
16376
16385
16398
16401
16408
16429
16435
16437
16452
16455
16460
16479
8142
8152
8156
8171
8173
8175
8177
8179
8220
8228
8229
8230
8232
8234
8240
8241
8253
8284
8304
8318
8320
8332
8337
8348
8384
8415
8429
8441
8443
8445
8459
8461
8470
8474
8491
8495
8498
8506
8513
8515
8519
8521
8529
8569
8581
8594
8602
8603
8607
8615
8618
8619
8629
8632
8636
8642
8655
8659
8662
8667
8676
8682
8684
8686
8687
8695
8699
8700
8727
8730
8733
8737
8745
8749
8753
8761
8767
8778
8783
8796
8797
8801
8821
8827
8828
8836
8848
8851
8852
8890
8892
8901
8904
8907
8912
8917
8921
8923
8930
8937
8950
8966
8971
8977
8980
8987
8998
9004
9008
9018
9019
9033
9036
9038
9051
9057
9074
9076
9085
9105
9106
9111
9119
9121
9129
9138
9140
9142
9149
9154
9160
9186
9191
9193
9197
9210
9221
9233
9237
9244
9256
9263
9267
9291
9295
9296
9297
9302
9306
9309
9315
9332
9333
9347
9348
9351
9364
9374
9375
9382
9386
9388
9399
9407
9413
9420
9421
9424
9441
9450
9451
9458
9464
9465
9468
9478
9483
9484
9488
9539
9541
9563
9565
9573
9579
9583
9584
9585
9591
9595
9597
9598
9601
9602
9612
9648
9655
9657
9666
9683
9686
9689
9694
9708
9710
9717
9727
9728
9733
9734
9740
9745
9761
9762
9765
9767
9769
9771
9774
9785
9795
9810
9815
9822
9825
9827
9829
9839
9852
9855
9858
9871
9880
9889
9894
9909
9924
9926
9934
9941
9945
9962
9972
9975
9977
9978
10016
10021
10026
10030
10034
10039
10047
10072
10077
10082
10084
10094
10097
10112
10119
10120
10121
10123
10178
10181
10183
10192
10204
10214
10221
10225
10252
10253
10266
10277
10282
10286
10305
10315
10321
10324
10328
10331
10352
10366
10372
10374
10380
10384
10387
10408
10411
10414
10449
10451
10453
10459
10474
10479
10510
10513
10514
10533
10536
10548
10550
10555
10557
10572
10582
10595
10607
10629
10647
10655
10656
10657
10663
10669
10671
10676
10685
10699
10714
10728
10735
10754
10767
10768
10775
10778
10784
10797
10814
10835
10841
10842
10843
10868
10870
10876
10880
10883
10884
10899
10916
10921
10922
10939
10942
10951
10952
10956
10965
10967
10972
10975
10979
10989
10993
11028
11030
11036
11054
11089
11092
11106
11110
11120
11127
11131
11135
11137
11142
11159
11172
11175
11177
11186
11194
11204
11220
11222
11224
11227
11233
11234
11242
11245
11246
11267
11270
11276
11282
11291
11298
11303
11312
11313
11318
11331
11336
11341
11342
11350
11356
11360
11371
11382
11384
11385
11391
11396
11399
11402
11403
11406
11412
11413
11414
11418
11430
11441
11461
11462
11464
11467
11478
11481
11483
11484
11489
11496
11505
11506
11513
11517
11518
11527
11528
11540
11547
11556
11560
11567
11573
11595
11637
11642
11644
11647
11664
11668
11676
11679
11684
11685
11690
11701
11703
11714
11722
11731
11742
11748
11759
11761
11774
11777
11785
11788
11810
11811
11818
11821
11824
11825
11829
11850
11857
11862
11888
11891
11893
11921
11923
11939
11946
11951
11952
11959
11960
11961
11963
11979
11984
11997
12031
12032
12042
12044
12050
12055
12069
12078
12081
12093
12097
12098
12102
12109
12110
12112
12123
12134
12136
12140
12146
12163
12172
12179
12188
12191
12198
12199
12215
12218
12235
12241
12242
12243
12244
12255
12264
12265
12287
12291
12325
12327
12335
12351
12358
12364
12366
12370
12373
12378
12380
12383
12388
12390
12394
12395
12410
12424
12433
12437
12440
12441
12446
12460
12462
12463
12469
12475
12482
12504
12507
12527
12530
12531
12541
12553
12588
12590
12619
12621
12626
12628
12647
12666
12667
12674
12679
12682
12694
12698
12711
12715
12717
12724
12726
12732
12747
12750
12765
12784
12788
12789
12792
12805
12812
12813
12844
12845
12847
12848
12860
12864
12871
12889
12896
12899
12903
12918
12932
12933
12935
12943
12944
12954
12962
12967
12983
12986
12995
12997
13005
13009
13013
13022
13039
13040
13053
13056
13060
13064
13068
13116
13129
13134
13139
13142
13147
13153
13161
13165
13172
13187
13189
13191
13195
13198
13206
13207
13212
13218
13234
13235
13237
13238
13240
13250
13262
13264
13267
13279
13293
13298
13312
13316
13323
13327
13333
13336
13341
13343
13348
13352
13354
13374
13375
13389
13390
13395
13396
13407
13408
13411
13421
13430
13451
13452
13455
13469
13488
13499
13501
13511
13536
13566
13569
13572
13573
13582
13587
13588
13590
13594
13610
13619
13620
13646
13657
13661
13662
13664
13665
13677
13684
13687
13695
13701
13705
13711
13716
13720
13733
13735
13749
13760
13761
13773
13778
13787
13788
13794
13823
13851
13852
13858
13863
13864
13888
13899
13903
13907
13909
13919
13922
13928
13936
13940
13944
13958
13963
13981
13988
14003
14014
14034
14040
14046
14051
14053
14069
14072
14074
14075
14108
14112
14116
14131
14133
14150
14164
14179
14181
14184
14187
14192
14198
14199
14205
14215
14219
14227
14229
14231
14255
14266
14269
14291
14296
14301
14305
14307
14308
14318
14320
14331
14346
14353
14357
14364
14380
14390
14399
14407
14416
14426
14433
14439
14453
14458
14475
14479
14508
14518
14519
14521
14537
14560
14570
14577
14581
14584
14588
14595
14606
14607
14616
14618
14623
14633
14654
14655
14660
14663
14678
14689
14696
14698
14707
14717
14726
14729
14735
14742
14748
14751
14757
14775
14779
14789
14791
14794
14809
14812
14819
14823
14860
14873
14878
14883
14886
14887
14911
14913
14933
14934
14939
14944
14953
14963
14968
14973
14981
14996
15001
15004
15005
15013
15015
15018
15026
15036
15041
15053
15056
15074
15075
15083
15086
15092
15097
15098
15104
15112
15115
15123
15125
15139
15142
15151
15156
15168
15193
15207
15223
15232
15234
15242
15245
15249
15252
15254
15260
15261
15267
15269
15274
15280
15294
15298
15302
15306
15317
15320
15327
15340
15358
15377
15379
15382
15385
15400
15403
15405
15417
15423
15428
15429
15446
15451
15452
15455
15456
15466
15468
15475
15484
15485
15491
15506
15515
15516
15518
15519
15520
15521
15523
15534
15536
15556
15563
15581
15583
15587
15595
15611
15616
15628
15632
15638
15642
15643
15651
15674
15680
15688
15693
15697
15707
15718
15737
15748
15758
15760
15761
15770
15779
15785
15800
15806
15807
15822
15826
15837
15841
15844
15845
15860
15861
15871
15872
15878
15879
15896
15900
15903
15912
15914
15918
15926
15929
15945
15946
15949
15971
15982
15995
15998
16000
16002
16007
16008
16011
16014
16015
16021
16023
16029
16031
16044
16047
16048
16056
16060
16070
16071
16075
16076
16082
16089
16091
16096
16099
16101
16102
16108
16121
16124
16176
16177
16178
16181
16196
16202
16212
16215
16223
16226
16227
16229
16237
16242
16254
16259
16269
16270
16282
16287
16300
16304
16309
16326
16331
16343
16366
16383
16387
16390
16392
16394
16397
16415
16422
16424
16432
16434
16436
16457
16462
16467
16472
16481
16482
8140
8146
8147
8157
8169
8189
8197
8201
8206
8212
8222
8223
8237
8246
8251
8252
8260
8268
8294
8298
8303
8325
8338
8340
8342
8361
8369
8377
8381
8420
8434
8451
8454
8460
8463
8468
8476
8480
8483
8492
8508
8518
8525
8537
8539
8565
8568
8574
8575
8577
8580
8588
8593
8608
8613
8650
8657
8668
8671
8693
8697
8703
8719
8723
8736
8739
8754
8755
8759
8779
8786
8787
8804
8807
8819
8831
8841
8843
8849
8860
8873
8875
8880
8884
8886
8895
8938
8951
8956
8958
8982
8985
8988
9001
9007
9009
9015
9064
9070
9084
9095
9101
9107
9117
9126
9134
9136
9139
9177
9184
9187
9227
9240
9255
9260
9271
9272
9279
9280
9298
9303
9317
9331
9343
9346
9349
9370
9381
9384
9392
9395
9415
9416
9431
9435
9437
9460
9471
9500
9511
9524
9527
9534
9540
9559
9560
9568
9604
9609
9631
9643
9651
9652
9653
9660
9665
9669
9697
9701
9763
9781
9784
9791
9809
9824
9832
9838
9840
9846
9849
9865
9884
9911
9912
9914
9923
9929
9935
9944
9996
10001
10011
10018
10022
10025
10055
10056
10083
10103
10130
10138
10142
10150
10160
10182
10187
10200
10202
10208
10222
10227
10236
10247
10255
10269
10298
10302
10304
10322
10335
10350
10355
10359
10362
10375
10379
10395
10399
10419
10421
10428
10434
10443
10447
10460
10476
10482
10499
10506
10523
10524
10535
10547
10561
10588
10591
10601
10631
10649
10658
10674
10697
10703
10706
10715
10732
10742
10748
10753
10755
10799
10813
10833
10837
10848
10889
10903
10924
10930
10935
10954
10980
10981
11001
11003
11011
11014
11027
11033
11039
11042
11043
11067
11079
11082
11088
11116
11158
11160
11180
11187
11190
11192
11205
11209
11214
11225
11241
11244
11252
11263
11269
11281
11285
11286
11293
11317
11320
11322
11328
11340
11362
11365
11374
11376
11377
11401
11434
11476
11482
11497
11512
11516
11532
11536
11544
11549
11558
11569
11579
11581
11584
11588
11590
11591
11599
11617
11625
11631
11639
11653
11656
11680
11704
11707
11718
11727
11729
11735
11737
11764
11770
11794
11796
11798
11839
11842
11843
11869
11894
11896
11899
11903
11910
11918
11920
11922
11945
11955
11958
11969
12012
12023
12027
12029
12043
12065
12094
12103
12111
12120
12143
12149
12173
12186
12189
12201
12207
12222
12269
12276
12278
12289
12292
12301
12310
12314
12317
12337
12343
12348
12359
12361
12367
12379
12384
12387
12408
12428
12434
12439
12466
12468
12474
12484
12488
12506
12509
12528
12535
12542
12560
12562
12563
12567
12568
12569
12595
12602
12605
12606
12618
12623
12627
12641
12645
12649
12650
12654
12663
12681
12693
12696
12707
12710
12719
12737
12742
12748
12755
12759
12760
12768
12777
12778
12779
12809
12811
12816
12825
12836
12842
12857
12862
12886
12888
12890
12892
12902
12910
12915
12937
12940
12996
13016
13023
13038
13044
13045
13052
13063
13065
13072
13080
13088
13100
13108
13114
13118
13122
13131
13132
13143
13146
13155
13169
13174
13180
13183
13186
13203
13205
13208
13210
13239
13244
13245
13269
13276
13277
13283
13301
13311
13322
13332
13345
13350
13365
13385
13409
13414
13420
13426
13435
13444
13447
13453
13466
13476
13486
13498
13506
13519
13527
13530
13535
13543
13558
13589
13591
13593
13601
13602
13603
13606
13607
13609
13615
13626
13637
13648
13663
13666
13667
13683
13691
13699
13708
13717
13718
13730
13754
13755
13768
13791
13853
13867
13868
13870
13875
13884
13908
13920
13926
13931
13935
13972
13982
14002
14009
14028
14047
14057
14064
14079
14085
14094
14096
14098
14104
14107
14110
14136
14146
14147
14151
14156
14168
14183
14203
14226
14237
14238
14243
14254
14265
14281
14283
14289
14292
14306
14323
14336
14337
14348
14366
14391
14395
14405
14406
14408
14412
14422
14438
14457
14460
14461
14468
14470
14474
14488
14503
14520
14523
14525
14526
14541
14547
14556
14566
14586
14597
14614
14615
14619
14626
14653
14661
14667
14691
14709
14738
14739
14760
14770
14782
14805
14807
14828
14836
14854
14858
14864
14865
14867
14885
14921
14932
14936
14937
14948
14951
14960
14961
14964
14974
14983
14988
14993
15024
15047
15089
15116
15117
15138
15144
15147
15159
15163
15165
15181
15188
15192
15194
15210
15218
15220
15225
15226
15235
15239
15240
15277
15293
15296
15299
15309
15322
15363
15367
15375
15410
15416
15430
15443
15448
15457
15458
15461
15467
15474
15479
15482
15486
15490
15493
15498
15501
15510
15522
15525
15530
15544
15545
15564
15571
15612
15620
15636
15665
15672
15679
15682
15687
15694
15700
15701
15702
15703
15706
15710
15711
15717
15755
15765
15766
15769
15774
15780
15782
15790
15804
15808
15810
15823
15824
15829
15836
15842
15853
15863
15868
15876
15877
15902
15936
15943
15959
15960
15966
15967
15975
15983
15999
16024
16051
16054
16059
16066
16069
16080
16081
16088
16094
16098
16109
16112
16134
16135
16138
16143
16146
16151
16154
16156
16160
16170
16173
16174
16179
16182
16191
16194
16195
16221
16234
16251
16264
16265
16288
16299
16308
16313
16335
16336
16352
16362
16378
16379
16381
16382
16388
16414
16428
16438
16446
16449
16466
16471
16475
16480
16483
16487
8224
8278
8286
8319
8334
8467
8469
8512
8520
8556
8558
8587
8637
8648
8683
8896
8975
9006
9016
9047
9086
9127
9130
9152
9178
9179
9204
9242
9390
9402
9514
9530
9578
9599
9623
9626
9687
9732
9867
9927
10095
10151
10163
10263
10276
10294
10303
10329
10341
10344
10507
10512
10516
10530
10538
10564
10641
10749
10758
10796
10798
10819
10863
10864
10900
10914
10990
11026
11037
11051
11068
11118
11273
11275
11279
11366
11422
11424
11473
11493
11545
11562
11626
11665
11768
11786
11832
11835
11848
11914
11957
11992
12115
12139
12144
12145
12147
12427
12444
12457
12519
12539
12570
12599
12622
12640
12686
12695
12772
12817
12865
12875
12898
12977
12982
12988
13030
13086
13095
13113
13150
13241
13249
13318
13382
13441
13449
13457
13462
13487
13512
13640
13643
13672
13715
13758
13759
13795
13804
13891
14114
14126
14211
14228
14273
14333
14338
14345
14354
14369
14392
14469
14557
14609
14659
14697
14704
14772
14780
14804
14811
14834
14843
14846
14906
14915
14929
14982
15016
15034
15101
15167
15170
15175
15237
15246
15272
15380
15383
15449
15453
15553
15569
15633
15692
15762
15776
15781
15909
15970
16140
16187
16243
16244
16248
16268
16318
16351
16357
16374
16453
8554
10006
12352
15454
9123
10048
10260
11044
11381
12157
12436
12499
13124
13154
13213
14330
14548
14946
15025
15605
15847
8370
8427
8769
9029
9432
9440
9713
9959
10179
10436
10532
10568
10946
11013
11215
11229
11237
11259
11321
11578
11694
11711
11836
11877
11880
11971
12025
12037
12076
12187
12320
12418
12421
12532
12699
12807
13026
13049
13376
13578
13724
13893
14384
14642
14803
15592
15775
16055
16312
16353
16380
8193
8195
8216
8221
8248
8250
8313
8358
8410
8552
8628
8638
8645
8738
8803
8812
8870
8906
8920
8933
9024
9060
9092
9103
9173
9229
9251
9268
9313
9427
9475
9489
9503
9519
9556
9590
9603
9615
9619
9627
9642
9688
9764
9803
9842
9888
9901
9933
9973
9991
10053
10100
10104
10114
10122
10189
10205
10262
10270
10373
10382
10392
10429
10456
10461
10493
10495
10594
10600
10615
10645
10646
10672
10708
10718
10850
10906
10955
11008
11010
11086
11091
11170
11262
11268
11306
11423
11425
11429
11470
11539
11557
11596
11660
11688
11697
11725
11803
11878
11885
11900
11907
11934
11975
12010
12128
12168
12177
12211
12229
12246
12258
12271
12280
12391
12399
12402
12413
12467
12548
12581
12687
12718
12727
12758
12872
12876
12904
12917
12946
12957
13018
13043
13047
13066
13076
13136
13152
13220
13261
13392
13393
13475
13489
13521
13586
13633
13638
13671
13686
13728
13746
13877
13901
13916
13939
13959
13965
14026
14092
14111
14132
14137
14295
14309
14311
14332
14373
14403
14444
14555
14559
14624
14764
14774
14841
14919
14920
14952
14985
15052
15133
15135
15161
15183
15197
15202
15221
15244
15256
15266
15281
15312
15325
15348
15357
15374
15399
15477
15480
15497
15535
15572
15586
15593
15614
15625
15644
15728
15858
15862
15864
15890
15919
15932
16010
16039
16058
16083
16139
16169
16247
16355
16411
16447
16476
8148
8165
8181
8271
8275
8277
8283
8290
8300
8302
8322
8346
8375
8378
8380
8385
8386
8409
8473
8479
8489
8517
8530
8589
8595
8616
8617
8634
8673
8674
8677
8689
8712
8713
8722
8726
8743
8746
8793
8798
8805
8817
8820
8837
8858
8899
8929
8936
8939
8972
8983
8990
9013
9022
9040
9065
9068
9090
9091
9132
9148
9167
9185
9192
9194
9214
9223
9266
9282
9318
9321
9341
9353
9387
9405
9434
9456
9486
9513
9518
9520
9532
9549
9552
9558
9587
9618
9624
9692
9695
9703
9716
9736
9751
9756
9787
9790
9796
9799
9811
9847
9854
9861
9868
9872
9893
9898
9899
9903
9916
9932
9942
9956
9968
9989
10004
10008
10013
10017
10078
10081
10092
10106
10134
10143
10144
10185
10201
10219
10244
10273
10274
10295
10334
10365
10378
10381
10385
10390
10404
10407
10420
10427
10491
10498
10519
10531
10534
10537
10544
10590
10592
10598
10606
10632
10634
10652
10667
10670
10675
10682
10691
10693
10710
10723
10752
10786
10793
10810
10818
10839
10887
10925
10933
10940
10973
10986
11048
11055
11072
11075
11087
11094
11121
11144
11202
11230
11274
11283
11288
11296
11305
11345
11379
11439
11465
11487
11508
11509
11525
11538
11553
11554
11592
11607
11612
11643
11673
11693
11702
11721
11732
11757
11766
11799
11807
11819
11858
11872
11901
11906
11972
11990
11999
12034
12049
12062
12072
12080
12092
12095
12100
12107
12118
12161
12194
12213
12231
12236
12254
12275
12279
12293
12326
12338
12442
12452
12459
12478
12487
12543
12559
12576
12592
12601
12620
12671
12680
12688
12702
12722
12744
12745
12769
12878
12920
12924
12926
12969
12972
13006
13007
13015
13033
13085
13089
13128
13130
13138
13141
13156
13164
13175
13190
13258
13259
13265
13278
13285
13294
13300
13302
13306
13315
13330
13338
13356
13397
13402
13410
13422
13431
13440
13464
13500
13510
13528
13540
13553
13597
13635
13660
13675
13682
13702
13707
13784
13789
13817
13818
13819
13834
13843
13848
13865
13902
13906
13910
13921
13930
13984
13990
13998
14018
14023
14025
14042
14045
14049
14050
14059
14105
14120
14128
14140
14185
14220
14239
14240
14251
14282
14284
14288
14304
14313
14340
14341
14352
14370
14371
14372
14383
14388
14435
14452
14491
14492
14497
14516
14575
14590
14598
14599
14611
14645
14673
14683
14720
14724
14736
14745
14753
14786
14818
14851
14863
14869
14870
14871
14877
14880
14905
14914
14917
14967
14975
15035
15072
15099
15100
15109
15150
15153
15162
15190
15233
15273
15297
15314
15329
15333
15341
15344
15345
15369
15398
15402
15413
15421
15424
15460
15507
15558
15623
15631
15645
15662
15721
15731
15772
15792
15799
15805
15812
15813
15821
15854
15894
15915
15935
15964
15968
15976
15984
15991
15996
16005
16012
16013
16017
16025
16045
16057
16077
16126
16137
16171
16183
16189
16197
16224
16228
16280
16323
16340
16345
16360
16370
16440
16456
16485
8168
8211
8317
8336
8408
8428
8464
8514
8542
8597
8621
8647
8661
8760
8806
8808
8813
8838
8853
8878
8882
8910
9089
9203
9209
9235
9236
9261
9270
9274
9277
9324
9325
9361
9425
9442
9543
9574
9594
9632
9639
9684
9718
9788
9817
9828
9836
9908
9936
10002
10029
10038
10040
10042
10051
10058
10117
10149
10156
10165
10167
10265
10281
10306
10330
10343
10347
10357
10360
10363
10370
10403
10426
10430
10440
10458
10484
10486
10520
10542
10560
10616
10620
10628
10639
10679
10681
10834
10872
10923
10932
10950
10974
10984
11046
11107
11132
11140
11150
11195
11208
11212
11240
11295
11311
11319
11435
11486
11577
11597
11672
11696
11760
11814
11852
11865
11897
11913
11970
11993
12036
12039
12041
12064
12087
12091
12227
12259
12268
12341
12346
12382
12385
12393
12508
12538
12554
12616
12632
12659
12665
12685
12731
12810
12831
12840
12901
12907
13008
13017
13054
13059
13075
13083
13092
13094
13096
13097
13098
13126
13145
13160
13222
13251
13252
13286
13309
13321
13363
13379
13387
13391
13413
13419
13432
13443
13459
13493
13509
13542
13549
13554
13622
13628
13641
13651
13692
13709
13748
13777
13810
13844
13873
13904
13955
13985
14135
14142
14149
14170
14177
14209
14210
14249
14258
14271
14319
14355
14378
14402
14420
14431
14466
14480
14481
14486
14505
14507
14542
14551
14564
14596
14610
14647
14665
14668
14676
14743
14746
14767
14776
14799
14810
14827
14889
14891
14926
15063
15070
15137
15172
15185
15212
15219
15247
15343
15355
15408
15450
15504
15529
15547
15568
15573
15647
15652
15713
15719
15793
15797
15881
15892
15930
15933
16042
16085
16150
16166
16201
16222
16245
16257
16260
16290
16311
16368
16416
16417
8641
16065
8457
8291
9992
10469
10487
12086
13434
8295
9212
9743
9843
10353
11833
12184
12556
12729
12961
12980
13783
14129
14852
15213
15214
15883
8354
8501
8611
8694
8711
8776
8856
8944
9166
9283
9362
9396
9671
9964
10157
10164
10348
10349
10509
10573
10593
10746
10774
11005
11200
11218
11236
11247
11335
11452
11565
11654
11692
11741
11804
11830
11949
11995
12058
12066
12272
12537
12721
12895
13025
13051
13555
13575
13690
13726
13756
13771
13872
13941
13967
14089
14122
14130
14299
14360
14429
14487
14496
14500
14510
14708
14959
14971
14987
15008
15011
15113
15178
15360
15387
15576
15589
15618
15750
15840
15916
16001
16144
16211
16284
16349
8172
8176
8203
8208
8262
8307
8315
8326
8335
8382
8383
8395
8502
8555
8590
8656
8678
8680
8777
8854
8865
8970
9061
9077
9100
9116
9131
9161
9180
9226
9322
9342
9360
9477
9521
9528
9562
9605
9628
9641
9650
9672
9675
9680
9722
9773
9801
9808
9860
9921
9930
9997
10015
10044
10054
10065
10088
10148
10174
10193
10209
10249
10290
10400
10522
10575
10583
10584
10586
10638
10648
10665
10751
10756
10771
10846
10852
10908
10968
11004
11100
11152
11199
11211
11344
11353
11364
11373
11404
11570
11580
11585
11624
11645
11771
11776
11809
11895
11933
12033
12048
12051
12059
12183
12196
12212
12247
12257
12284
12290
12321
12340
12381
12431
12486
12493
12561
12593
12661
12668
12669
12757
12780
12823
12854
12930
12975
13012
13029
13071
13121
13135
13173
13196
13204
13229
13310
13324
13349
13378
13399
13400
13442
13448
13491
13507
13605
13618
13623
13925
13966
14011
14019
14102
14230
14272
14285
14316
14358
14418
14549
14580
14604
14620
14674
14754
14802
14820
14835
14898
14916
14955
15078
15295
15350
15420
15459
15478
15561
15619
15654
15660
15696
15705
15724
15730
15734
15831
15857
15899
15957
15980
16073
16087
16105
16141
16186
16274
16278
16293
16310
16342
16418
16420
8143
8188
8198
8217
8218
8256
8257
8264
8265
8266
8272
8279
8288
8293
8311
8314
8316
8321
8327
8367
8425
8503
8536
8620
8651
8658
8669
8692
8714
8732
8744
8747
8750
8780
8825
8830
8863
8872
8905
8916
8942
8954
8997
9017
9021
9043
9072
9073
9096
9145
9163
9168
9169
9174
9195
9205
9232
9285
9286
9299
9326
9352
9355
9357
9419
9439
9469
9482
9496
9516
9545
9557
9569
9577
9580
9589
9640
9659
9679
9712
9737
9739
9770
9780
9802
9812
9814
9816
9821
9834
9864
9885
9920
9943
9957
9963
9984
9990
9998
10033
10035
10041
10061
10118
10131
10176
10186
10210
10240
10285
10376
10383
10433
10496
10518
10558
10559
10570
10614
10650
10702
10711
10713
10741
10764
10769
10772
10776
10825
10830
10844
10857
10861
10866
10882
10890
10893
10896
10905
10936
10994
11038
11060
11065
11070
11084
11099
11111
11143
11147
11148
11151
11153
11167
11196
11223
11257
11277
11287
11292
11300
11301
11332
11361
11378
11444
11446
11469
11501
11504
11519
11534
11542
11564
11576
11610
11614
11629
11650
11655
11686
11713
11716
11719
11736
11738
11743
11763
11765
11816
11925
11930
11932
11935
11942
11954
11978
11988
12004
12028
12067
12068
12114
12138
12169
12170
12175
12176
12181
12193
12200
12232
12300
12328
12374
12409
12415
12443
12448
12473
12476
12480
12490
12497
12533
12544
12564
12597
12603
12612
12646
12662
12677
12690
12706
12708
12714
12730
12735
12739
12767
12783
12804
12821
12834
12861
12897
12927
12938
12951
12958
12984
12992
12998
13010
13027
13031
13046
13050
13062
13069
13090
13148
13157
13176
13214
13236
13248
13256
13266
13273
13281
13308
13371
13425
13439
13468
13483
13485
13502
13538
13580
13592
13627
13630
13636
13659
13681
13694
13714
13745
13764
13792
13801
13825
13847
13849
13860
13862
13889
13915
13924
13949
13953
13957
13995
13997
14021
14081
14119
14144
14158
14202
14207
14262
14302
14303
14317
14325
14339
14396
14400
14442
14448
14478
14490
14501
14512
14513
14528
14532
14545
14576
14594
14621
14627
14630
14716
14722
14781
14829
14853
14893
14897
14908
14956
14979
14984
15010
15014
15030
15054
15061
15079
15085
15088
15108
15158
15171
15189
15198
15215
15251
15264
15330
15337
15356
15364
15366
15378
15411
15464
15465
15494
15495
15508
15532
15588
15597
15598
15602
15606
15624
15671
15681
15744
15763
15786
15788
15796
15802
15816
15828
15882
15898
15940
15950
15955
15965
15981
15985
16009
16030
16038
16041
16107
16123
16155
16167
16185
16188
16192
16272
16277
16316
16321
16328
16346
16409
16421
16450
16454
8145
8155
8159
8161
8162
8167
8207
8231
8247
8254
8297
8312
8349
8357
8363
8373
8376
8393
8396
8400
8416
8432
8446
8447
8449
8452
8453
8471
8494
8522
8532
8538
8541
8546
8550
8563
8578
8586
8592
8599
8604
8623
8633
8640
8691
8704
8707
8708
8709
8715
8729
8734
8741
8756
8770
8771
8772
8789
8814
8822
8842
8855
8891
8893
8894
8909
8940
8947
8960
8962
8981
9041
9049
9053
9069
9098
9099
9124
9144
9157
9165
9176
9188
9202
9208
9224
9239
9252
9259
9264
9273
9288
9290
9293
9308
9319
9327
9329
9335
9337
9340
9350
9365
9371
9410
9412
9417
9423
9426
9429
9493
9501
9502
9504
9507
9531
9547
9550
9567
9606
9616
9617
9625
9673
9700
9702
9705
9735
9742
9747
9749
9750
9757
9760
9779
9782
9789
9798
9804
9806
9819
9830
9863
9866
9870
9883
9939
9965
9987
10020
10024
10046
10049
10057
10068
10086
10089
10091
10111
10153
10194
10203
10206
10213
10218
10228
10229
10231
10239
10246
10248
10258
10267
10272
10288
10291
10296
10299
10300
10307
10312
10326
10336
10339
10358
10367
10371
10377
10389
10391
10439
10441
10442
10462
10466
10470
10481
10488
10504
10517
10529
10539
10552
10566
10569
10571
10574
10603
10608
10644
10653
10659
10662
10664
10677
10689
10705
10709
10721
10745
10781
10795
10809
10817
10824
10827
10840
10918
10928
10934
10948
10960
10961
10987
10992
11006
11016
11019
11058
11063
11080
11095
11102
11114
11123
11125
11130
11134
11198
11231
11243
11264
11290
11352
11367
11370
11380
11383
11400
11431
11456
11468
11472
11479
11488
11495
11523
11541
11575
11587
11589
11594
11606
11611
11621
11627
11628
11632
11636
11646
11658
11669
11678
11681
11682
11683
11708
11717
11720
11730
11734
11749
11754
11780
11787
11789
11795
11801
11806
11808
11820
11828
11853
11868
11876
11879
11887
11889
11902
11911
11929
11965
11968
11973
11980
11982
12003
12005
12016
12024
12045
12052
12104
12105
12116
12119
12121
12125
12127
12129
12155
12156
12164
12167
12178
12220
12225
12228
12249
12267
12273
12296
12309
12313
12318
12354
12356
12357
12362
12371
12398
12404
12414
12417
12445
12485
12503
12552
12575
12610
12611
12630
12657
12728
12736
12752
12770
12782
12794
12803
12814
12818
12819
12829
12846
12853
12863
12868
12882
12906
12913
12919
12923
12928
12934
12936
12947
12949
12985
13024
13037
13125
13179
13182
13192
13199
13201
13216
13227
13233
13243
13257
13284
13331
13357
13360
13372
13384
13405
13416
13417
13437
13460
13495
13504
13516
13550
13559
13560
13581
13583
13584
13598
13599
13600
13604
13611
13617
13634
13644
13652
13653
13668
13693
13696
13727
13739
13741
13744
13747
13751
13752
13776
13781
13785
13790
13816
13821
13822
13827
13830
13837
13839
13846
13857
13880
13882
13890
13905
13913
13927
13934
13945
13946
13960
13964
13974
13979
13980
14004
14006
14012
14035
14054
14055
14058
14061
14062
14066
14068
14073
14086
14093
14106
14113
14134
14141
14167
14172
14195
14200
14206
14218
14222
14248
14270
14277
14328
14343
14344
14367
14375
14376
14382
14404
14410
14423
14440
14485
14524
14540
14552
14554
14561
14568
14578
14579
14582
14583
14591
14593
14608
14622
14628
14634
14638
14641
14646
14657
14670
14684
14688
14702
14718
14721
14730
14740
14752
14763
14778
14795
14808
14816
14832
14838
14840
14894
14896
14928
14947
14969
14986
14990
15006
15023
15033
15038
15046
15055
15067
15069
15077
15080
15090
15103
15136
15166
15200
15201
15224
15243
15257
15259
15278
15284
15285
15288
15307
15326
15336
15339
15347
15351
15353
15370
15371
15372
15376
15394
15419
15426
15439
15447
15470
15472
15483
15528
15548
15550
15551
15560
15566
15574
15585
15590
15594
15601
15603
15613
15630
15657
15666
15668
15716
15745
15747
15757
15771
15794
15811
15820
15839
15849
15870
15885
15906
15911
15917
15931
15937
15939
15944
15952
15969
15973
15989
15994
16033
16036
16037
16050
16061
16084
16104
16106
16114
16122
16125
16129
16133
16158
16199
16203
16204
16232
16233
16235
16238
16249
16250
16253
16261
16263
16266
16276
16327
16354
16371
16377
16384
16406
16439
16451
16469
16470
16474
16477
16478
8144
8149
8160
8185
8199
8200
8204
8233
8267
8280
8289
8323
8324
8330
8331
8345
8350
8352
8371
8401
8406
8407
8413
8417
8418
8422
8426
8433
8444
8465
8478
8490
8500
8504
8548
8557
8562
8571
8579
8598
8601
8609
8626
8627
8672
8688
8717
8720
8728
8757
8758
8766
8792
8809
8818
8824
8826
8876
8925
8928
8931
8943
8974
8976
8989
9020
9025
9027
9039
9046
9078
9083
9088
9112
9128
9141
9156
9164
9181
9206
9219
9225
9238
9247
9250
9275
9281
9289
9301
9307
9310
9323
9373
9376
9377
9378
9393
9394
9403
9406
9411
9422
9430
9452
9457
9470
9472
9476
9512
9517
9526
9533
9536
9551
9564
9566
9571
9614
9630
9645
9667
9668
9676
9677
9681
9691
9706
9741
9753
9783
9797
9805
9823
9853
9891
9919
9948
9950
9988
10019
10023
10045
10050
10060
10062
10107
10116
10141
10173
10175
10177
10188
10190
10198
10212
10216
10232
10238
10280
10287
10308
10316
10323
10327
10337
10361
10369
10386
10397
10409
10422
10435
10448
10473
10501
10502
10525
10526
10540
10577
10580
10599
10623
10633
10636
10680
10692
10698
10701
10726
10727
10747
10750
10760
10806
10812
10815
10820
10829
10831
10832
10838
10854
10855
10867
10902
10911
10927
10938
10944
10953
10957
10959
10983
10996
11002
11007
11009
11022
11034
11071
11078
11085
11093
11101
11103
11129
11141
11155
11156
11166
11176
11189
11193
11206
11207
11213
11249
11254
11255
11256
11261
11304
11308
11357
11375
11388
11397
11419
11437
11450
11463
11494
11498
11500
11502
11515
11531
11535
11551
11561
11574
11583
11613
11622
11635
11663
11667
11677
11709
11724
11726
11739
11755
11758
11802
11822
11838
11884
11886
11917
11926
11931
11937
11994
12001
12006
12007
12020
12026
12054
12090
12096
12124
12132
12154
12160
12171
12195
12204
12216
12217
12219
12221
12238
12245
12285
12286
12295
12303
12305
12315
12323
12350
12360
12363
12397
12411
12430
12447
12472
12489
12495
12501
12515
12518
12522
12523
12545
12549
12558
12572
12573
12579
12591
12598
12600
12617
12629
12631
12673
12703
12712
12713
12743
12749
12763
12764
12771
12774
12796
12802
12806
12815
12828
12837
12858
12866
12894
12929
12942
13011
13014
13019
13028
13032
13058
13061
13078
13091
13111
13112
13158
13171
13177
13185
13217
13219
13232
13254
13272
13274
13280
13288
13290
13297
13303
13304
13313
13335
13362
13367
13373
13377
13388
13394
13412
13517
13524
13525
13537
13546
13552
13595
13631
13639
13647
13670
13713
13723
13729
13731
13737
13753
13766
13769
13774
13796
13799
13815
13850
13861
13881
13942
13943
13961
13962
13970
13976
13983
13991
14000
14043
14060
14067
14080
14083
14087
14125
14143
14145
14155
14162
14180
14190
14193
14235
14252
14267
14280
14293
14300
14321
14322
14324
14365
14377
14381
14385
14394
14413
14419
14428
14436
14437
14447
14463
14465
14489
14499
14515
14530
14546
14562
14592
14612
14625
14644
14656
14669
14675
14677
14692
14693
14694
14705
14728
14758
14771
14784
14785
14792
14796
14806
14821
14825
14826
14831
14844
14859
14868
14879
14901
14903
14927
14930
14941
14966
14991
15000
15002
15012
15019
15021
15060
15062
15094
15095
15114
15118
15130
15132
15141
15143
15157
15179
15195
15227
15262
15271
15286
15290
15301
15304
15310
15313
15324
15334
15342
15346
15361
15386
15391
15431
15441
15463
15524
15527
15531
15537
15538
15543
15562
15570
15629
15639
15649
15656
15670
15704
15708
15714
15715
15727
15736
15741
15742
15749
15759
15783
15784
15787
15803
15817
15856
15886
15895
15905
15907
15921
15925
15942
15990
16004
16006
16019
16064
16067
16103
16127
16131
16142
16147
16162
16163
16164
16172
16175
16184
16190
16216
16239
16241
16281
16286
16292
16297
16303
16319
16324
16332
16344
16391
16393
16396
16400
16402
16403
16423
16426
16427
16443
16445
16459
16468
16486
